timestamp,job_runtime_sec,total_rec_per_sec,checkpoint_mb,heap_pct,gc_sec,managed_mb,managed_used_mb,managed_pct,backpressure,rocksdb_compactions,rocksdb_pending_comp_mb,rocksdb_mem_tables_mb,rocksdb_stall_ms,rocksdb_write_stopped,rocksdb_flushes,rocksdb_immutable_mems,rocksdb_flush_pending,rocksdb_live_data_mb,rocksdb_cache_hit_rate_pct
2025-10-13 16:05:37,20,0,0,68,6,2846,2846.72,100,ok,0,0,0,0.00,0,0,0,0,0,N/A
2025-10-13 16:05:41,24,0,0,68,6,2846,2846.72,100,ok,0,0,0,0.00,0,0,0,0,0,N/A
2025-10-13 16:05:45,28,0,0,68,6,2846,2846.72,100,ok,0,0,0,0.00,0,0,0,0,0,N/A
2025-10-13 16:05:49,32,18,0,86,6,2846,2846.72,100,ok,0,0,0,0.00,0,0,0,0,0,N/A
2025-10-13 16:05:54,37,18,0,86,6,2846,2846.72,100,ok,0,0,0,0.00,0,0,0,0,0,N/A
2025-10-13 16:05:57,40,384,0,83,6,2846,2846.72,100,ok,0,0,0,0.00,0,0,0,0,0,N/A
2025-10-13 16:06:01,44,384,0,83,6,2846,2846.72,100,ok,0,0,0,0.00,0,0,0,0,0,N/A
2025-10-13 16:06:04,47,384,0,83,6,2846,2846.72,100,ok,0,0,0,0.00,0,0,0,0,0,N/A
2025-10-13 16:06:08,51,494,0,38,6,2846,2846.72,100,ok,0,0,0,0.00,0,0,0,0,0,N/A
2025-10-13 16:06:12,55,494,0,38,6,2846,2846.72,100,ok,0,0,0,0.00,0,0,0,0,0,N/A
2025-10-13 16:06:16,58,494,0,38,6,2846,2846.72,100,ok,0,0,0,0.00,0,0,0,0,0,N/A
2025-10-13 16:06:19,62,991,0,33,6,2846,2846.72,100,ok,0,0,0,0.00,0,0,0,0,0,N/A
2025-10-13 16:06:22,65,991,0,33,6,2846,2846.72,100,ok,0,0,0,0.00,0,0,0,0,0,N/A
2025-10-13 16:06:52,95,3399,0,71,7,2846,2846.72,100,ok,0,0,0,0.00,0,0,0,0,0,N/A
2025-10-13 16:06:56,99,3399,0,71,7,2846,2846.72,100,ok,0,0,0,0.00,0,0,0,0,0,N/A
2025-10-13 16:07:00,103,3399,0,25,7,2846,2846.72,100,ok,0,0,0,0.00,0,0,0,0,0,N/A
2025-10-13 16:07:04,107,3253,0,25,7,2846,2846.72,100,ok,0,0,0,0.00,0,0,0,0,0,N/A
2025-10-13 16:07:07,110,3253,0,25,7,2846,2846.72,100,ok,0,0,0,0.00,0,0,0,0,0,N/A
2025-10-13 16:07:11,114,3941,0,74,7,2846,2846.72,100,ok,0,0,0,0.00,0,0,0,0,0,N/A
2025-10-13 16:07:14,117,3941,0,74,7,2846,2846.72,100,ok,0,0,0,0.00,0,0,0,0,0,N/A
2025-10-13 16:07:18,121,3941,0,74,7,2846,2846.72,100,ok,0,0,0,0.00,0,0,0,0,0,N/A
2025-10-13 16:07:21,124,3941,0,75,7,2846,2846.72,100,ok,0,0,0,0.00,0,0,0,0,0,N/A
2025-10-13 16:07:25,127,4774,0,75,7,2846,2846.72,100,ok,0,0,0,0.00,0,0,0,0,0,N/A
2025-10-13 16:07:28,131,4774,0,75,7,2846,2846.72,100,ok,0,0,0,0.00,0,0,0,0,0,N/A
2025-10-13 16:07:32,135,4774,0,37,7,2846,2846.72,100,ok,0,0,0,0.00,0,0,0,0,0,N/A
2025-10-13 16:07:35,138,5588,0,37,7,2846,2846.72,100,ok,0,0,0,0.00,0,0,0,0,0,N/A
2025-10-13 16:07:39,141,5588,0,37,7,2846,2846.72,100,ok,0,0,0,0.00,0,0,0,0,0,N/A
2025-10-13 16:07:42,145,5588,0,46,7,2846,2846.72,100,ok,0,0,0,0.00,0,0,0,0,0,N/A
2025-10-13 16:07:47,149,5892,0,46,7,2846,2846.72,100,ok,0,0,0,0.00,0,0,0,0,0,N/A
2025-10-13 16:07:50,153,5892,0,46,7,2846,2846.72,100,ok,0,0,0,0.00,0,0,0,0,0,N/A
2025-10-13 16:07:53,156,5892,0,40,7,2846,2846.72,100,ok,0,0,0,0.00,0,0,0,0,0,N/A
2025-10-13 16:07:57,160,7203,0,40,7,2846,2846.72,100,ok,0,0,0,0.00,0,0,0,0,0,N/A
2025-10-13 16:08:01,164,7203,0,40,7,2846,2846.72,100,ok,0,0,0,0.00,0,0,0,0,0,N/A
2025-10-13 16:08:04,167,7203,0,40,7,2846,2846.72,100,ok,0,0,0,0.00,0,0,0,0,0,N/A
2025-10-13 16:08:08,171,8578,0,37,7,2846,2846.72,100,ok,0,0,0,0.00,0,0,0,0,0,N/A
2025-10-13 16:08:11,174,8578,0,37,7,2846,2846.72,100,ok,0,0,0,0.00,0,0,0,0,0,N/A
2025-10-13 16:08:15,178,8578,0,75,7,2846,2846.72,100,ok,0,0,0,0.00,0,0,0,0,0,N/A
2025-10-13 16:08:19,182,10344,0,75,7,2846,2846.72,100,ok,0,0,0,0.00,0,0,0,0,0,N/A
2025-10-13 16:08:23,186,10344,0,75,7,2846,2846.72,100,ok,0,0,0,0.00,0,0,0,0,0,N/A
2025-10-13 16:08:26,189,10344,0,37,7,2846,2846.72,100,ok,0,0,0,0.00,0,0,0,0,0,N/A
2025-10-13 16:08:31,194,10527,0,37,7,2846,2846.72,100,ok,0,0,0,0.00,0,0,0,0,0,N/A
2025-10-13 16:08:35,198,10527,0,37,7,2846,2846.72,100,ok,0,0,0,0.00,0,0,0,0,0,N/A
2025-10-13 16:08:39,202,12614,0,42,7,2846,2846.72,100,ok,0,0,0,0.00,0,0,0,0,0,N/A
2025-10-13 16:08:42,205,12614,0,42,7,2846,2846.72,100,ok,0,0,0,0.00,0,0,0,0,0,N/A
2025-10-13 16:08:47,210,12614,0,42,7,2846,2846.72,100,ok,0,0,0,0.00,0,0,0,0,0,N/A
2025-10-13 16:08:51,214,11491,0,54,8,2846,2846.72,100,ok,0,0,0,0.00,0,0,0,0,0,N/A
2025-10-13 16:08:55,218,11491,0,54,8,2846,2846.72,100,ok,0,0,0,0.00,0,0,0,0,0,N/A
2025-10-13 16:08:59,222,13347,0,72,8,2846,2846.72,100,ok,0,0,0,0.00,0,0,0,0,0,N/A
2025-10-13 16:09:02,225,13347,0,72,8,2846,2846.72,100,ok,0,0,0,0.00,0,0,0,0,0,N/A
2025-10-13 16:09:06,229,13347,0,72,8,2846,2846.72,100,ok,0,0,0,0.00,0,0,0,0,0,N/A
2025-10-13 16:09:10,233,13347,0,72,8,2846,2846.72,100,ok,0,0,0,0.00,0,0,0,0,0,N/A
2025-10-13 16:09:15,237,17609,0,63,8,2846,2846.72,100,ok,0,0,0,0.00,0,0,0,0,0,N/A
2025-10-13 16:09:19,242,17609,0,63,8,2846,2846.72,100,ok,0,0,0,0.00,0,0,0,0,0,N/A
2025-10-13 16:09:22,245,15428,0,38,8,2846,2846.72,100,ok,0,0,0,0.00,0,0,0,0,0,N/A
2025-10-13 16:09:27,249,15428,0,38,8,2846,2846.72,100,ok,0,0,0,0.00,0,0,0,0,0,N/A
2025-10-13 16:09:32,255,16103,0,44,8,2846,2846.72,100,ok,0,0,0,0.00,0,0,0,0,0,N/A
2025-10-13 16:09:42,265,16103,1306.52,79,8,2846,2846.72,100,ok,0,0,0,0.00,0,0,0,0,0,N/A
2025-10-13 16:09:46,269,14466,1306.52,79,8,2846,2846.72,100,ok,0,0,0,0.00,0,0,0,0,0,N/A
2025-10-13 16:09:50,273,14466,1306.52,79,8,2846,2846.72,100,ok,0,0,0,0.00,0,0,0,0,0,N/A
2025-10-13 16:09:54,277,15938,1306.52,47,8,2846,2846.72,100,ok,0,0,0,0.00,0,0,0,0,0,N/A
2025-10-13 16:09:59,282,15938,1306.52,47,8,2846,2846.72,100,ok,0,0,0,0.00,0,0,0,0,0,N/A
2025-10-13 16:10:03,286,15938,1306.52,64,8,2846,2846.72,100,ok,0,0,0,0.00,0,0,0,0,0,N/A
2025-10-13 16:10:07,290,18159,1306.52,64,8,2846,2846.72,100,ok,0,0,0,0.00,0,0,0,0,0,N/A
2025-10-13 16:10:10,293,18159,1306.52,64,8,2846,2846.72,100,ok,0,0,0,0.00,0,0,0,0,0,N/A
2025-10-13 16:10:14,297,16043,1306.52,53,8,2846,2846.72,100,ok,0,0,0,0.00,0,0,0,0,0,N/A
2025-10-13 16:10:18,301,16043,1306.52,53,8,2846,2846.72,100,ok,0,0,0,0.00,0,0,0,0,0,N/A
2025-10-13 16:10:22,305,16043,1306.52,53,8,2846,2846.72,100,ok,0,0,0,0.00,0,0,0,0,0,N/A
2025-10-13 16:10:26,309,17147,1306.52,80,8,2846,2846.72,100,ok,0,0,0,0.00,0,0,0,0,0,N/A
2025-10-13 16:10:29,312,17147,1306.52,80,8,2846,2846.72,100,ok,0,0,0,0.00,0,0,0,0,0,N/A
2025-10-13 16:10:33,316,17147,1306.52,80,8,2846,2846.72,100,ok,0,0,0,0.00,0,0,0,0,0,N/A
2025-10-13 16:10:37,320,16267,1306.52,71,8,2846,2846.72,100,ok,0,0,0,0.00,0,0,0,0,0,N/A
2025-10-13 16:10:41,324,16267,1306.52,71,8,2846,2846.72,100,ok,0,0,0,0.00,0,0,0,0,0,N/A
2025-10-13 16:10:45,328,16267,1306.52,71,8,2846,2846.72,100,ok,0,0,0,0.00,0,0,0,0,0,N/A
2025-10-13 16:10:49,332,13108,1306.52,82,8,2846,2846.72,100,ok,0,0,0,0.00,0,0,0,0,0,N/A
2025-10-13 16:10:52,335,13108,1306.52,82,8,2846,2846.72,100,ok,0,0,0,0.00,0,0,0,0,0,N/A
2025-10-13 16:10:56,339,9346,1306.52,44,8,2846,2846.72,100,ok,0,0,0,0.00,0,0,0,0,0,N/A
2025-10-13 16:11:00,342,9346,1306.52,44,8,2846,2846.72,100,ok,0,0,0,0.00,0,0,0,0,0,N/A
2025-10-13 16:11:03,346,9346,1306.52,44,8,2846,2846.72,100,ok,0,0,0,0.00,0,0,0,0,0,N/A
2025-10-13 16:11:07,350,9346,1306.52,44,8,2846,2846.72,100,ok,0,0,0,0.00,0,0,0,0,0,N/A
2025-10-13 16:11:11,354,6372,1306.52,57,8,2846,2846.72,100,ok,0,0,0,0.00,0,0,0,0,0,N/A
2025-10-13 16:11:14,357,6372,1306.52,57,8,2846,2846.72,100,ok,0,0,0,0.00,0,0,0,0,0,N/A
2025-10-13 16:11:18,361,6372,1306.52,57,8,2846,2846.72,100,ok,0,0,0,0.00,0,0,0,0,0,N/A
2025-10-13 16:11:22,365,2898,1306.52,73,8,2846,2846.72,100,ok,0,0,0,0.00,0,0,0,0,0,N/A
2025-10-13 16:11:45,388,1566,1306.52,46,8,2846,2846.72,100,ok,0,0,0,0.00,0,0,0,0,0,N/A
2025-10-13 16:12:21,424,1619,1306.52,40,8,2846,2846.72,100,ok,0,0,0,0.00,0,0,0,0,0,N/A
2025-10-13 16:12:31,434,1470,1306.52,48,8,2846,2846.72,100,ok,0,0,0,0.00,0,0,0,0,0,N/A
2025-10-13 16:12:35,438,1122,1306.52,57,8,2846,2846.72,100,ok,0,0,0,0.00,0,0,0,0,0,N/A
2025-10-13 16:12:39,442,1122,1306.52,57,8,2846,2846.72,100,ok,0,0,0,0.00,0,0,0,0,0,N/A
2025-10-13 16:12:43,446,1122,1306.52,57,8,2846,2846.72,100,ok,0,0,0,0.00,0,0,0,0,0,N/A
2025-10-13 16:12:47,450,1178,1306.52,73,8,2846,2846.72,100,ok,0,0,0,0.00,0,0,0,0,0,N/A
2025-10-13 16:12:50,453,1178,1306.52,73,8,2846,2846.72,100,ok,0,0,0,0.00,0,0,0,0,0,N/A
2025-10-13 16:12:54,457,1178,1306.52,73,8,2846,2846.72,100,ok,0,0,0,0.00,0,0,0,0,0,N/A
2025-10-13 16:12:57,460,1225,1306.52,88,8,2846,2846.72,100,ok,0,0,0,0.00,0,0,0,0,0,N/A
2025-10-13 16:13:02,465,1225,1306.52,88,8,2846,2846.72,100,ok,0,0,0,0.00,0,0,0,0,0,N/A
2025-10-13 16:13:06,469,1568,1306.52,56,8,2846,2846.72,100,ok,0,0,0,0.00,0,0,0,0,0,N/A
2025-10-13 16:13:10,473,1568,1306.52,56,8,2846,2846.72,100,ok,0,0,0,0.00,0,0,0,0,0,N/A
2025-10-13 16:13:14,477,1568,1306.52,56,8,2846,2846.72,100,ok,0,0,0,0.00,0,0,0,0,0,N/A
2025-10-13 16:13:18,481,1588,1306.52,86,8,2846,2846.72,100,ok,0,0,0,0.00,0,0,0,0,0,N/A
2025-10-13 16:13:22,485,1588,1306.52,86,8,2846,2846.72,100,ok,0,0,0,0.00,0,0,0,0,0,N/A
2025-10-13 16:13:26,489,1723,1306.52,38,8,2846,2846.72,100,ok,0,0,0,0.00,0,0,0,0,0,N/A
2025-10-13 16:13:30,493,1723,1306.52,38,8,2846,2846.72,100,ok,0,0,0,0.00,0,0,0,0,0,N/A
2025-10-13 16:13:34,497,1723,1306.52,38,8,2846,2846.72,100,ok,0,0,0,0.00,0,0,0,0,0,N/A
2025-10-13 16:13:38,500,1769,1306.52,46,8,2846,2846.72,100,ok,0,0,0,0.00,0,0,0,0,0,N/A
2025-10-13 16:13:41,504,1769,1306.52,46,8,2846,2846.72,100,ok,0,0,0,0.00,0,0,0,0,0,N/A
2025-10-13 16:13:45,508,1769,1306.52,46,8,2846,2846.72,100,ok,0,0,0,0.00,0,0,0,0,0,N/A
2025-10-13 16:13:49,512,1764,1306.52,56,8,2846,2846.72,100,ok,0,0,0,0.00,0,0,0,0,0,N/A
2025-10-13 16:13:53,516,1764,1306.52,56,8,2846,2846.72,100,ok,0,0,0,0.00,0,0,0,0,0,N/A
2025-10-13 16:13:57,520,1726,1306.52,67,8,2846,2846.72,100,ok,0,0,0,0.00,0,0,0,0,0,N/A
2025-10-13 16:14:01,523,1726,1306.52,67,8,2846,2846.72,100,ok,0,0,0,0.00,0,0,0,0,0,N/A
2025-10-13 16:14:04,527,1726,1306.52,67,8,2846,2846.72,100,ok,0,0,0,0.00,0,0,0,0,0,N/A
2025-10-13 16:14:08,531,1407,1306.52,81,8,2846,2846.72,100,ok,0,0,0,0.00,0,0,0,0,0,N/A
2025-10-13 16:14:12,535,1407,1306.52,81,8,2846,2846.72,100,ok,0,0,0,0.00,0,0,0,0,0,N/A
2025-10-13 16:14:15,538,1407,1306.52,91,8,2846,2846.72,100,ok,0,0,0,0.00,0,0,0,0,0,N/A
2025-10-13 16:14:19,542,1076,1306.52,91,8,2846,2846.72,100,ok,0,0,0,0.00,0,0,0,0,0,N/A
2025-10-13 16:14:23,546,1076,1306.52,91,8,2846,2846.72,100,ok,0,0,0,0.00,0,0,0,0,0,N/A
2025-10-13 16:14:27,550,1076,1306.52,91,8,2846,2846.72,100,ok,0,0,0,0.00,0,0,0,0,0,N/A
2025-10-13 16:14:31,554,966,1306.52,32,8,2846,2846.72,100,ok,0,0,0,0.00,0,0,0,0,0,N/A
2025-10-13 16:14:36,559,966,1306.52,32,8,2846,2846.72,100,ok,0,0,0,0.00,0,0,0,0,0,N/A
2025-10-13 16:14:42,566,841,1841.05,59,8,2846,2846.72,100,ok,0,0,0,0.00,0,0,0,0,0,N/A
2025-10-13 16:14:46,569,841,1841.05,59,8,2846,2846.72,100,ok,0,0,0,0.00,0,0,0,0,0,N/A
2025-10-13 16:14:49,573,2406,1841.05,35,8,2846,2846.72,100,ok,0,0,0,0.00,0,0,0,0,0,N/A
2025-10-13 16:14:54,577,2406,1841.05,35,8,2846,2846.72,100,ok,0,0,0,0.00,0,0,0,0,0,N/A
2025-10-13 16:14:58,581,4020,1841.05,82,8,2846,2846.72,100,ok,0,0,0,0.00,0,0,0,0,0,N/A
2025-10-13 16:15:02,585,4020,1841.05,82,8,2846,2846.72,100,ok,0,0,0,0.00,0,0,0,0,0,N/A
2025-10-13 16:15:05,588,4020,1841.05,82,8,2846,2846.72,100,ok,0,0,0,0.00,0,0,0,0,0,N/A
2025-10-13 16:15:09,592,4020,1841.05,44,8,2846,2846.72,100,ok,0,0,0,0.00,0,0,0,0,0,N/A
2025-10-13 16:15:14,597,4715,1841.05,44,8,2846,2846.72,100,ok,0,0,0,0.00,0,0,0,0,0,N/A
2025-10-13 16:15:18,601,4715,1841.05,44,8,2846,2846.72,100,ok,0,0,0,0.00,0,0,0,0,0,N/A
2025-10-13 16:15:21,604,4724,1841.05,52,8,2846,2846.72,100,ok,0,0,0,0.00,0,0,0,0,0,N/A
2025-10-13 16:15:25,608,4724,1841.05,52,8,2846,2846.72,100,ok,0,0,0,0.00,0,0,0,0,0,N/A
2025-10-13 16:15:29,612,4724,1841.05,52,8,2846,2846.72,100,ok,0,0,0,0.00,0,0,0,0,0,N/A
2025-10-13 16:15:33,616,4770,1841.05,66,8,2846,2846.72,100,ok,0,0,0,0.00,0,0,0,0,0,N/A
2025-10-13 16:15:37,620,4770,1841.05,66,8,2846,2846.72,100,ok,0,0,0,0.00,0,0,0,0,0,N/A
2025-10-13 16:15:41,624,4770,1841.05,66,8,2846,2846.72,100,ok,0,0,0,0.00,0,0,0,0,0,N/A
2025-10-13 16:15:45,628,4727,1841.05,90,8,2846,2846.72,100,ok,0,0,0,0.00,0,0,0,0,0,N/A
2025-10-13 16:15:49,632,4727,1841.05,90,8,2846,2846.72,100,ok,0,0,0,0.00,0,0,0,0,0,N/A
2025-10-13 16:15:52,635,4727,1841.05,90,8,2846,2846.72,100,ok,0,0,0,0.00,0,0,0,0,0,N/A
2025-10-13 16:15:57,639,2949,1841.05,54,9,2846,2846.72,100,ok,0,0,0,0.00,0,0,0,0,0,N/A
2025-10-13 16:16:00,643,2949,1841.05,54,9,2846,2846.72,100,ok,0,0,0,0.00,0,0,0,0,0,N/A
2025-10-13 16:16:04,647,2949,1841.05,35,9,2846,2846.72,100,ok,0,0,0,0.00,0,0,0,0,0,N/A
2025-10-13 16:16:08,651,1933,1841.05,35,9,2846,2846.72,100,ok,0,0,0,0.00,0,0,0,0,0,N/A
2025-10-13 16:16:12,655,1933,1841.05,35,9,2846,2846.72,100,ok,0,0,0,0.00,0,0,0,0,0,N/A
2025-10-13 16:16:16,659,1933,1841.05,49,9,2846,2846.72,100,ok,0,0,0,0.00,0,0,0,0,0,N/A
2025-10-13 16:16:19,662,2012,1841.05,49,9,2846,2846.72,100,ok,0,0,0,0.00,0,0,0,0,0,N/A
2025-10-13 16:16:24,667,2012,1841.05,49,9,2846,2846.72,100,ok,0,0,0,0.00,0,0,0,0,0,N/A
2025-10-13 16:17:00,704,1323,1841.05,93,9,2846,2846.72,100,ok,0,0,0,0.00,0,0,0,0,0,N/A
2025-10-13 16:17:37,740,763,1841.05,55,9,2846,2846.72,100,ok,0,0,0,0.00,0,0,0,0,0,N/A
2025-10-13 16:17:42,745,652,1841.05,55,9,2846,2846.72,100,ok,0,0,0,0.00,0,0,0,0,0,N/A
2025-10-13 16:17:47,750,652,1841.05,65,9,2846,2846.72,100,ok,0,0,0,0.00,0,0,0,0,0,N/A
2025-10-13 16:17:51,754,644,1841.05,65,9,2846,2846.72,100,ok,0,0,0,0.00,0,0,0,0,0,N/A
2025-10-13 16:17:55,758,644,1841.05,65,9,2846,2846.72,100,ok,0,0,0,0.00,0,0,0,0,0,N/A
2025-10-13 16:17:58,761,644,1841.05,65,9,2846,2846.72,100,ok,0,0,0,0.00,0,0,0,0,0,N/A
2025-10-13 16:18:02,765,649,1841.05,75,9,2846,2846.72,100,ok,0,0,0,0.00,0,0,0,0,0,N/A
2025-10-13 16:18:06,769,649,1841.05,75,9,2846,2846.72,100,ok,0,0,0,0.00,0,0,0,0,0,N/A
2025-10-13 16:18:10,773,649,1841.05,75,9,2846,2846.72,100,ok,0,0,0,0.00,0,0,0,0,0,N/A
2025-10-13 16:18:14,777,652,1841.05,85,9,2846,2846.72,100,ok,0,0,0,0.00,0,0,0,0,0,N/A
2025-10-13 16:18:18,781,652,1841.05,85,9,2846,2846.72,100,ok,0,0,0,0.00,0,0,0,0,0,N/A
2025-10-13 16:18:22,785,652,1841.05,85,9,2846,2846.72,100,ok,0,0,0,0.00,0,0,0,0,0,N/A
2025-10-13 16:18:26,788,754,1841.05,35,9,2846,2846.72,100,ok,0,0,0,0.00,0,0,0,0,0,N/A
2025-10-13 16:18:29,792,754,1841.05,35,9,2846,2846.72,100,ok,0,0,0,0.00,0,0,0,0,0,N/A
2025-10-13 16:18:33,796,754,1841.05,46,9,2846,2846.72,100,ok,0,0,0,0.00,0,0,0,0,0,N/A
2025-10-13 16:18:37,800,740,1841.05,46,9,2846,2846.72,100,ok,0,0,0,0.00,0,0,0,0,0,N/A
2025-10-13 16:18:40,803,740,1841.05,46,9,2846,2846.72,100,ok,0,0,0,0.00,0,0,0,0,0,N/A
2025-10-13 16:18:44,807,740,1841.05,46,9,2846,2846.72,100,ok,0,0,0,0.00,0,0,0,0,0,N/A
2025-10-13 16:18:48,811,851,1841.05,58,9,2846,2846.72,100,ok,0,0,0,0.00,0,0,0,0,0,N/A
2025-10-13 16:18:52,815,851,1841.05,58,9,2846,2846.72,100,ok,0,0,0,0.00,0,0,0,0,0,N/A
2025-10-13 16:18:55,818,851,1841.05,58,9,2846,2846.72,100,ok,0,0,0,0.00,0,0,0,0,0,N/A
2025-10-13 16:18:59,822,871,1841.05,71,9,2846,2846.72,100,ok,0,0,0,0.00,0,0,0,0,0,N/A
2025-10-13 16:19:03,826,871,1841.05,71,9,2846,2846.72,100,ok,0,0,0,0.00,0,0,0,0,0,N/A
2025-10-13 16:19:06,829,871,1841.05,71,9,2846,2846.72,100,ok,0,0,0,0.00,0,0,0,0,0,N/A
2025-10-13 16:19:10,833,860,1841.05,81,9,2846,2846.72,100,ok,0,0,0,0.00,0,0,0,0,0,N/A
2025-10-13 16:19:14,837,860,1841.05,81,9,2846,2846.72,100,ok,0,0,0,0.00,0,0,0,0,0,N/A
2025-10-13 16:19:18,841,860,1841.05,81,9,2846,2846.72,100,ok,0,0,0,0.00,0,0,0,0,0,N/A
2025-10-13 16:19:22,845,907,1841.05,67,9,2846,2846.72,100,ok,0,0,0,0.00,0,0,0,0,0,N/A
2025-10-13 16:19:26,850,907,1841.05,67,9,2846,2846.72,100,ok,0,0,0,0.00,0,0,0,0,0,N/A
2025-10-13 16:19:31,854,898,1841.05,23,9,2846,2846.72,100,ok,0,0,0,0.00,0,0,0,0,0,N/A
2025-10-13 16:19:36,859,898,1841.05,23,9,2846,2846.72,100,ok,0,0,0,0.00,0,0,0,0,0,N/A
2025-10-13 16:19:42,865,784,2129.01,43,9,2846,2846.72,100,ok,0,0,0,0.00,0,0,0,0,0,N/A
2025-10-13 16:19:46,869,784,2129.01,43,9,2846,2846.72,100,ok,0,0,0,0.00,0,0,0,0,0,N/A
2025-10-13 16:19:50,873,784,2129.01,43,9,2846,2846.72,100,ok,0,0,0,0.00,0,0,0,0,0,N/A
2025-10-13 16:19:53,876,1186,2129.01,75,9,2846,2846.72,100,ok,0,0,0,0.00,0,0,0,0,0,N/A
2025-10-13 16:19:57,880,1186,2129.01,75,9,2846,2846.72,100,ok,0,0,0,0.00,0,0,0,0,0,N/A
2025-10-13 16:20:01,884,1186,2129.01,20,9,2846,2846.72,100,ok,0,0,0,0.00,0,0,0,0,0,N/A
2025-10-13 16:20:05,888,1122,2129.01,20,9,2846,2846.72,100,ok,0,0,0,0.00,0,0,0,0,0,N/A
2025-10-13 16:20:09,892,1122,2129.01,20,9,2846,2846.72,100,ok,0,0,0,0.00,0,0,0,0,0,N/A
2025-10-13 16:20:13,896,1122,2129.01,28,9,2846,2846.72,100,ok,0,0,0,0.00,0,0,0,0,0,N/A
2025-10-13 16:20:17,900,1053,2129.01,28,9,2846,2846.72,100,ok,0,0,0,0.00,0,0,0,0,0,N/A
2025-10-13 16:20:21,904,1053,2129.01,28,9,2846,2846.72,100,ok,0,0,0,0.00,0,0,0,0,0,N/A
2025-10-13 16:20:25,908,1053,2129.01,28,9,2846,2846.72,100,ok,0,0,0,0.00,0,0,0,0,0,N/A
2025-10-13 16:20:29,912,875,2129.01,36,9,2846,2846.72,100,ok,0,0,0,0.00,0,0,0,0,0,N/A
2025-10-13 16:20:33,916,875,2129.01,36,9,2846,2846.72,100,ok,0,0,0,0.00,0,0,0,0,0,N/A
2025-10-13 16:20:37,920,875,2129.01,36,9,2846,2846.72,100,ok,0,0,0,0.00,0,0,0,0,0,N/A
2025-10-13 16:20:41,924,939,2129.01,44,9,2846,2846.72,100,ok,0,0,0,0.00,0,0,0,0,0,N/A
2025-10-13 16:20:45,928,939,2129.01,44,9,2846,2846.72,100,ok,0,0,0,0.00,0,0,0,0,0,N/A
2025-10-13 16:20:49,932,939,2129.01,44,9,2846,2846.72,100,ok,0,0,0,0.00,0,0,0,0,0,N/A
2025-10-13 16:20:53,936,412,2129.01,54,9,2846,2846.72,100,ok,0,0,0,0.00,0,0,0,0,0,N/A
2025-10-13 16:20:56,939,412,2129.01,54,9,2846,2846.72,100,ok,0,0,0,0.00,0,0,0,0,0,N/A
2025-10-13 16:21:00,943,412,2129.01,63,9,2846,2846.72,100,ok,0,0,0,0.00,0,0,0,0,0,N/A
2025-10-13 16:21:04,947,441,2129.01,63,9,2846,2846.72,100,ok,0,0,0,0.00,0,0,0,0,0,N/A
2025-10-13 16:21:08,951,441,2129.01,63,9,2846,2846.72,100,ok,0,0,0,0.00,0,0,0,0,0,N/A
2025-10-13 16:21:11,954,464,2129.01,71,9,2846,2846.72,100,ok,0,0,0,0.00,0,0,0,0,0,N/A
2025-10-13 16:21:15,958,464,2129.01,71,9,2846,2846.72,100,ok,0,0,0,0.00,0,0,0,0,0,N/A
2025-10-13 16:21:19,962,464,2129.01,71,9,2846,2846.72,100,ok,0,0,0,0.00,0,0,0,0,0,N/A
2025-10-13 16:21:24,967,507,2129.01,79,9,2846,2846.72,100,ok,0,0,0,0.00,0,0,0,0,0,N/A
2025-10-13 16:22:01,1004,473,2129.01,33,9,2846,2846.72,100,ok,0,0,0,0.00,0,0,0,0,0,N/A
2025-10-13 16:22:27,1030,435,2129.01,52,9,2846,2846.72,100,ok,0,0,0,0.00,0,0,0,0,0,N/A
2025-10-13 16:22:32,1035,435,2129.01,52,9,2846,2846.72,100,ok,0,0,0,0.00,0,0,0,0,0,N/A
2025-10-13 16:22:36,1038,435,2129.01,52,9,2846,2846.72,100,ok,0,0,0,0.00,0,0,0,0,0,N/A
2025-10-13 16:22:39,1042,431,2129.01,58,9,2846,2846.72,100,ok,0,0,0,0.00,0,0,0,0,0,N/A
2025-10-13 16:22:44,1047,431,2129.01,58,9,2846,2846.72,100,ok,0,0,0,0.00,0,0,0,0,0,N/A
2025-10-13 16:22:48,1051,504,2129.01,68,9,2846,2846.72,100,ok,0,0,0,0.00,0,0,0,0,0,N/A
2025-10-13 16:22:52,1055,504,2129.01,68,9,2846,2846.72,100,ok,0,0,0,0.00,0,0,0,0,0,N/A
2025-10-13 16:22:56,1059,504,2129.01,68,9,2846,2846.72,100,ok,0,0,0,0.00,0,0,0,0,0,N/A
2025-10-13 16:22:59,1062,553,2129.01,76,9,2846,2846.72,100,ok,0,0,0,0.00,0,0,0,0,0,N/A
2025-10-13 16:23:03,1066,553,2129.01,76,9,2846,2846.72,100,ok,0,0,0,0.00,0,0,0,0,0,N/A
2025-10-13 16:23:07,1070,553,2129.01,76,9,2846,2846.72,100,ok,0,0,0,0.00,0,0,0,0,0,N/A
2025-10-13 16:23:11,1074,605,2129.01,86,9,2846,2846.72,100,ok,0,0,0,0.00,0,0,0,0,0,N/A
2025-10-13 16:23:15,1078,605,2129.01,86,9,2846,2846.72,100,ok,0,0,0,0.00,0,0,0,0,0,N/A
2025-10-13 16:23:19,1082,605,2129.01,86,9,2846,2846.72,100,ok,0,0,0,0.00,0,0,0,0,0,N/A
2025-10-13 16:23:23,1086,656,2129.01,25,9,2846,2846.72,100,ok,0,0,0,0.00,0,0,0,0,0,N/A
2025-10-13 16:23:27,1090,656,2129.01,25,9,2846,2846.72,100,ok,0,0,0,0.00,0,0,0,0,0,N/A
2025-10-13 16:23:31,1094,656,2129.01,65,9,2846,2846.72,100,ok,0,0,0,0.00,0,0,0,0,0,N/A
2025-10-13 16:23:35,1098,1178,2129.01,65,9,2846,2846.72,100,ok,0,0,0,0.00,0,0,0,0,0,N/A
2025-10-13 16:23:39,1101,1178,2129.01,65,9,2846,2846.72,100,ok,0,0,0,0.00,0,0,0,0,0,N/A
2025-10-13 16:23:42,1105,1178,2129.01,76,9,2846,2846.72,100,ok,0,0,0,0.00,0,0,0,0,0,N/A
2025-10-13 16:23:46,1109,1267,2129.01,76,9,2846,2846.72,100,ok,0,0,0,0.00,0,0,0,0,0,N/A
2025-10-13 16:23:50,1113,1267,2129.01,76,9,2846,2846.72,100,ok,0,0,0,0.00,0,0,0,0,0,N/A
2025-10-13 16:23:54,1117,1267,2129.01,49,9,2846,2846.72,100,ok,0,0,0,0.00,0,0,0,0,0,N/A
2025-10-13 16:23:58,1121,1267,2129.01,49,9,2846,2846.72,100,ok,0,0,0,0.00,0,0,0,0,0,N/A
2025-10-13 16:24:02,1125,1267,2129.01,49,9,2846,2846.72,100,ok,0,0,0,0.00,0,0,0,0,0,N/A
2025-10-13 16:24:06,1129,1267,2129.01,60,9,2846,2846.72,100,ok,0,0,0,0.00,0,0,0,0,0,N/A
2025-10-13 16:24:09,1132,1722,2129.01,60,9,2846,2846.72,100,ok,0,0,0,0.00,0,0,0,0,0,N/A
2025-10-13 16:24:13,1136,1722,2129.01,60,9,2846,2846.72,100,ok,0,0,0,0.00,0,0,0,0,0,N/A
2025-10-13 16:24:17,1140,1724,2129.01,70,9,2846,2846.72,100,ok,0,0,0,0.00,0,0,0,0,0,N/A
2025-10-13 16:24:21,1144,1724,2129.01,70,9,2846,2846.72,100,ok,0,0,0,0.00,0,0,0,0,0,N/A
2025-10-13 16:24:25,1148,1724,2129.01,70,9,2846,2846.72,100,ok,0,0,0,0.00,0,0,0,0,0,N/A
2025-10-13 16:24:31,1154,1495,2129.01,80,9,2846,2846.72,100,ok,0,0,0,0.00,0,0,0,0,0,N/A
2025-10-13 16:24:35,1158,1495,2129.01,80,9,2846,2846.72,100,ok,0,0,0,0.00,0,0,0,0,0,N/A
2025-10-13 16:24:40,1163,1077,2201.56,31,9,2846,2846.72,100,ok,0,0,0,0.00,0,0,0,0,0,N/A
2025-10-13 16:24:44,1167,1077,2201.56,31,9,2846,2846.72,100,ok,0,0,0,0.00,0,0,0,0,0,N/A
2025-10-13 16:24:47,1170,1077,2201.56,70,9,2846,2846.72,100,ok,0,0,0,0.00,0,0,0,0,0,N/A
2025-10-13 16:24:51,1174,1683,2201.56,70,9,2846,2846.72,100,ok,0,0,0,0.00,0,0,0,0,0,N/A
2025-10-13 16:24:55,1178,1683,2201.56,70,9,2846,2846.72,100,ok,0,0,0,0.00,0,0,0,0,0,N/A
2025-10-13 16:24:59,1182,1247,2201.56,19,9,2846,2846.72,100,ok,0,0,0,0.00,0,0,0,0,0,N/A
2025-10-13 16:25:03,1186,1247,2201.56,19,9,2846,2846.72,100,ok,0,0,0,0.00,0,0,0,0,0,N/A
2025-10-13 16:25:06,1189,1247,2201.56,19,9,2846,2846.72,100,ok,0,0,0,0.00,0,0,0,0,0,N/A
2025-10-13 16:25:10,1193,1219,2201.56,36,9,2846,2846.72,100,ok,0,0,0,0.00,0,0,0,0,0,N/A
2025-10-13 16:25:14,1197,1219,2201.56,36,9,2846,2846.72,100,ok,0,0,0,0.00,0,0,0,0,0,N/A
2025-10-13 16:25:18,1201,1219,2201.56,36,9,2846,2846.72,100,ok,0,0,0,0.00,0,0,0,0,0,N/A
2025-10-13 16:25:23,1205,1346,2201.56,45,9,2846,2846.72,100,ok,0,0,0,0.00,0,0,0,0,0,N/A
2025-10-13 16:25:26,1209,1346,2201.56,45,9,2846,2846.72,100,ok,0,0,0,0.00,0,0,0,0,0,N/A
2025-10-13 16:25:30,1213,1346,2201.56,54,9,2846,2846.72,100,ok,0,0,0,0.00,0,0,0,0,0,N/A
2025-10-13 16:25:34,1217,1356,2201.56,54,9,2846,2846.72,100,ok,0,0,0,0.00,0,0,0,0,0,N/A
2025-10-13 16:25:38,1221,1356,2201.56,54,9,2846,2846.72,100,ok,0,0,0,0.00,0,0,0,0,0,N/A
2025-10-13 16:25:42,1225,1356,2201.56,66,9,2846,2846.72,100,ok,0,0,0,0.00,0,0,0,0,0,N/A
2025-10-13 16:25:46,1229,986,2201.56,66,9,2846,2846.72,100,ok,0,0,0,0.00,0,0,0,0,0,N/A
2025-10-13 16:25:50,1233,986,2201.56,66,9,2846,2846.72,100,ok,0,0,0,0.00,0,0,0,0,0,N/A
2025-10-13 16:25:54,1237,986,2201.56,66,9,2846,2846.72,100,ok,0,0,0,0.00,0,0,0,0,0,N/A
2025-10-13 16:25:58,1241,843,2201.56,77,9,2846,2846.72,100,ok,0,0,0,0.00,0,0,0,0,0,N/A
2025-10-13 16:26:02,1245,843,2201.56,77,9,2846,2846.72,100,ok,0,0,0,0.00,0,0,0,0,0,N/A
2025-10-13 16:26:05,1248,843,2201.56,24,9,2846,2846.72,100,ok,0,0,0,0.00,0,0,0,0,0,N/A
2025-10-13 16:26:09,1252,880,2201.56,24,9,2846,2846.72,100,ok,0,0,0,0.00,0,0,0,0,0,N/A
2025-10-13 16:26:13,1256,880,2201.56,24,9,2846,2846.72,100,ok,0,0,0,0.00,0,0,0,0,0,N/A
2025-10-13 16:26:17,1260,880,2201.56,24,9,2846,2846.72,100,ok,0,0,0,0.00,0,0,0,0,0,N/A
2025-10-13 16:26:21,1264,768,2201.56,36,9,2846,2846.72,100,ok,0,0,0,0.00,0,0,0,0,0,N/A
2025-10-13 16:26:29,1273,809,2201.56,47,9,2846,2846.72,100,ok,0,0,0,0.00,0,0,0,0,0,N/A
2025-10-13 16:27:07,1310,633,2201.56,75,9,2846,2846.72,100,ok,0,0,0,0.00,0,0,0,0,0,N/A
2025-10-13 16:27:25,1328,575,2201.56,83,9,2846,2846.72,100,ok,0,0,0,0.00,0,0,0,0,0,N/A
2025-10-13 16:27:29,1332,575,2201.56,83,9,2846,2846.72,100,ok,0,0,0,0.00,0,0,0,0,0,N/A
2025-10-13 16:27:33,1336,520,2201.56,23,9,2846,2846.72,100,ok,0,0,0,0.00,0,0,0,0,0,N/A
2025-10-13 16:27:37,1340,520,2201.56,23,9,2846,2846.72,100,ok,0,0,0,0.00,0,0,0,0,0,N/A
2025-10-13 16:27:40,1343,520,2201.56,34,9,2846,2846.72,100,ok,0,0,0,0.00,0,0,0,0,0,N/A
2025-10-13 16:27:45,1348,549,2201.56,34,9,2846,2846.72,100,ok,0,0,0,0.00,0,0,0,0,0,N/A
2025-10-13 16:27:49,1352,549,2201.56,34,9,2846,2846.72,100,ok,0,0,0,0.00,0,0,0,0,0,N/A
2025-10-13 16:27:52,1355,549,2201.56,45,9,2846,2846.72,100,ok,0,0,0,0.00,0,0,0,0,0,N/A
2025-10-13 16:27:56,1359,577,2201.56,45,9,2846,2846.72,100,ok,0,0,0,0.00,0,0,0,0,0,N/A
2025-10-13 16:28:00,1363,577,2201.56,45,9,2846,2846.72,100,ok,0,0,0,0.00,0,0,0,0,0,N/A
2025-10-13 16:28:04,1367,577,2201.56,45,9,2846,2846.72,100,ok,0,0,0,0.00,0,0,0,0,0,N/A
2025-10-13 16:28:08,1371,616,2201.56,56,9,2846,2846.72,100,ok,0,0,0,0.00,0,0,0,0,0,N/A
2025-10-13 16:28:12,1375,616,2201.56,56,9,2846,2846.72,100,ok,0,0,0,0.00,0,0,0,0,0,N/A
2025-10-13 16:28:16,1379,616,2201.56,56,9,2846,2846.72,100,ok,0,0,0,0.00,0,0,0,0,0,N/A
2025-10-13 16:28:20,1383,660,2201.56,67,9,2846,2846.72,100,ok,0,0,0,0.00,0,0,0,0,0,N/A
2025-10-13 16:28:24,1387,660,2201.56,67,9,2846,2846.72,100,ok,0,0,0,0.00,0,0,0,0,0,N/A
2025-10-13 16:28:28,1391,660,2201.56,67,9,2846,2846.72,100,ok,0,0,0,0.00,0,0,0,0,0,N/A
2025-10-13 16:28:32,1395,694,2201.56,77,9,2846,2846.72,100,ok,0,0,0,0.00,0,0,0,0,0,N/A
2025-10-13 16:28:36,1399,694,2201.56,77,9,2846,2846.72,100,ok,0,0,0,0.00,0,0,0,0,0,N/A
2025-10-13 16:28:39,1402,694,2201.56,21,9,2846,2846.72,100,ok,0,0,0,0.00,0,0,0,0,0,N/A
2025-10-13 16:28:44,1407,710,2201.56,21,9,2846,2846.72,100,ok,0,0,0,0.00,0,0,0,0,0,N/A
2025-10-13 16:28:48,1411,710,2201.56,21,9,2846,2846.72,100,ok,0,0,0,0.00,0,0,0,0,0,N/A
2025-10-13 16:28:51,1414,710,2201.56,31,9,2846,2846.72,100,ok,0,0,0,0.00,0,0,0,0,0,N/A
2025-10-13 16:28:55,1418,675,2201.56,31,9,2846,2846.72,100,ok,0,0,0,0.00,0,0,0,0,0,N/A
2025-10-13 16:28:59,1422,675,2201.56,31,9,2846,2846.72,100,ok,0,0,0,0.00,0,0,0,0,0,N/A
2025-10-13 16:29:03,1426,675,2201.56,31,9,2846,2846.72,100,ok,0,0,0,0.00,0,0,0,0,0,N/A
2025-10-13 16:29:06,1429,663,2201.56,42,9,2846,2846.72,100,ok,0,0,0,0.00,0,0,0,0,0,N/A
2025-10-13 16:29:10,1433,663,2201.56,42,9,2846,2846.72,100,ok,0,0,0,0.00,0,0,0,0,0,N/A
2025-10-13 16:29:14,1437,663,2201.56,42,9,2846,2846.72,100,ok,0,0,0,0.00,0,0,0,0,0,N/A
2025-10-13 16:29:18,1441,676,2201.56,52,9,2846,2846.72,100,ok,0,0,0,0.00,0,0,0,0,0,N/A
2025-10-13 16:29:22,1445,676,2201.56,52,9,2846,2846.72,100,ok,0,0,0,0.00,0,0,0,0,0,N/A
2025-10-13 16:29:26,1449,659,2201.56,63,9,2846,2846.72,100,ok,0,0,0,0.00,0,0,0,0,0,N/A
2025-10-13 16:29:31,1454,659,2201.56,63,9,2846,2846.72,100,ok,0,0,0,0.00,0,0,0,0,0,N/A
2025-10-13 16:29:35,1458,659,2201.56,63,9,2846,2846.72,100,ok,0,0,0,0.00,0,0,0,0,0,N/A
2025-10-13 16:29:39,1462,689,2356.72,78,9,2846,2846.72,100,ok,0,0,0,0.00,0,0,0,0,0,N/A
2025-10-13 16:29:43,1466,689,2356.72,78,9,2846,2846.72,100,ok,0,0,0,0.00,0,0,0,0,0,N/A
2025-10-13 16:29:48,1471,689,2356.72,78,9,2846,2846.72,100,ok,0,0,0,0.00,0,0,0,0,0,N/A
2025-10-13 16:29:52,1475,648,2356.72,19,9,2846,2846.72,100,ok,0,0,0,0.00,0,0,0,0,0,N/A
2025-10-13 16:29:56,1479,648,2356.72,19,9,2846,2846.72,100,ok,0,0,0,0.00,0,0,0,0,0,N/A
2025-10-13 16:30:00,1483,648,2356.72,19,9,2846,2846.72,100,ok,0,0,0,0.00,0,0,0,0,0,N/A
2025-10-13 16:30:04,1487,640,2356.72,29,9,2846,2846.72,100,ok,0,0,0,0.00,0,0,0,0,0,N/A
2025-10-13 16:30:08,1491,640,2356.72,29,9,2846,2846.72,100,ok,0,0,0,0.00,0,0,0,0,0,N/A
2025-10-13 16:30:12,1494,640,2356.72,40,9,2846,2846.72,100,ok,0,0,0,0.00,0,0,0,0,0,N/A
2025-10-13 16:30:15,1498,625,2356.72,40,9,2846,2846.72,100,ok,0,0,0,0.00,0,0,0,0,0,N/A
2025-10-13 16:30:19,1502,625,2356.72,40,9,2846,2846.72,100,ok,0,0,0,0.00,0,0,0,0,0,N/A
2025-10-13 16:30:23,1506,625,2356.72,51,9,2846,2846.72,100,ok,0,0,0,0.00,0,0,0,0,0,N/A
2025-10-13 16:30:27,1510,647,2356.72,51,9,2846,2846.72,100,ok,0,0,0,0.00,0,0,0,0,0,N/A
2025-10-13 16:30:31,1514,647,2356.72,51,9,2846,2846.72,100,ok,0,0,0,0.00,0,0,0,0,0,N/A
2025-10-13 16:30:34,1517,647,2356.72,62,9,2846,2846.72,100,ok,0,0,0,0.00,0,0,0,0,0,N/A
2025-10-13 16:30:38,1521,715,2356.72,62,9,2846,2846.72,100,ok,0,0,0,0.00,0,0,0,0,0,N/A
2025-10-13 16:30:42,1525,715,2356.72,62,9,2846,2846.72,100,ok,0,0,0,0.00,0,0,0,0,0,N/A
2025-10-13 16:30:46,1529,715,2356.72,62,9,2846,2846.72,100,ok,0,0,0,0.00,0,0,0,0,0,N/A
2025-10-13 16:30:49,1532,703,2356.72,73,9,2846,2846.72,100,ok,0,0,0,0.00,0,0,0,0,0,N/A
2025-10-13 16:30:53,1536,703,2356.72,73,9,2846,2846.72,100,ok,0,0,0,0.00,0,0,0,0,0,N/A
2025-10-13 16:30:57,1540,703,2356.72,73,9,2846,2846.72,100,ok,0,0,0,0.00,0,0,0,0,0,N/A
2025-10-13 16:31:01,1544,727,2356.72,83,9,2846,2846.72,100,ok,0,0,0,0.00,0,0,0,0,0,N/A
2025-10-13 16:31:05,1548,727,2356.72,83,9,2846,2846.72,100,ok,0,0,0,0.00,0,0,0,0,0,N/A
2025-10-13 16:31:09,1552,727,2356.72,26,9,2846,2846.72,100,ok,0,0,0,0.00,0,0,0,0,0,N/A
2025-10-13 16:31:14,1556,727,2356.72,26,9,2846,2846.72,100,ok,0,0,0,0.00,0,0,0,0,0,N/A
2025-10-13 16:31:18,1561,727,2356.72,26,9,2846,2846.72,100,ok,0,0,0,0.00,0,0,0,0,0,N/A
2025-10-13 16:31:22,1565,711,2356.72,33,9,2846,2846.72,100,ok,0,0,0,0.00,0,0,0,0,0,N/A
2025-10-13 16:31:40,1583,640,2356.72,49,9,2846,2846.72,100,ok,0,0,0,0.00,0,0,0,0,0,N/A
2025-10-13 16:32:17,1620,510,2356.72,65,9,2846,2846.72,100,ok,0,0,0,0.00,0,0,0,0,0,N/A
2025-10-13 16:32:23,1626,480,2356.72,73,9,2846,2846.72,100,ok,0,0,0,0.00,0,0,0,0,0,N/A
2025-10-13 16:32:27,1630,480,2356.72,73,9,2846,2846.72,100,ok,0,0,0,0.00,0,0,0,0,0,N/A
2025-10-13 16:32:31,1634,460,2356.72,80,9,2846,2846.72,100,ok,0,0,0,0.00,0,0,0,0,0,N/A
2025-10-13 16:32:35,1638,460,2356.72,80,9,2846,2846.72,100,ok,0,0,0,0.00,0,0,0,0,0,N/A
2025-10-13 16:32:39,1642,460,2356.72,80,9,2846,2846.72,100,ok,0,0,0,0.00,0,0,0,0,0,N/A
2025-10-13 16:32:43,1646,465,2356.72,20,10,2846,2846.72,100,ok,0,0,0,0.00,0,0,0,0,0,N/A
2025-10-13 16:32:47,1650,465,2356.72,20,10,2846,2846.72,100,ok,0,0,0,0.00,0,0,0,0,0,N/A
2025-10-13 16:32:51,1654,482,2356.72,27,10,2846,2846.72,100,ok,0,0,0,0.00,0,0,0,0,0,N/A
2025-10-13 16:32:55,1658,482,2356.72,27,10,2846,2846.72,100,ok,0,0,0,0.00,0,0,0,0,0,N/A
2025-10-13 16:32:58,1661,482,2356.72,27,10,2846,2846.72,100,ok,0,0,0,0.00,0,0,0,0,0,N/A
2025-10-13 16:33:02,1665,475,2356.72,35,10,2846,2846.72,100,ok,0,0,0,0.00,0,0,0,0,0,N/A
2025-10-13 16:33:06,1669,475,2356.72,35,10,2846,2846.72,100,ok,0,0,0,0.00,0,0,0,0,0,N/A
2025-10-13 16:33:09,1672,475,2356.72,35,10,2846,2846.72,100,ok,0,0,0,0.00,0,0,0,0,0,N/A
2025-10-13 16:33:14,1677,487,2356.72,42,10,2846,2846.72,100,ok,0,0,0,0.00,0,0,0,0,0,N/A
2025-10-13 16:33:17,1680,487,2356.72,42,10,2846,2846.72,100,ok,0,0,0,0.00,0,0,0,0,0,N/A
2025-10-13 16:33:21,1684,487,2356.72,42,10,2846,2846.72,100,ok,0,0,0,0.00,0,0,0,0,0,N/A
2025-10-13 16:33:25,1688,495,2356.72,50,10,2846,2846.72,100,ok,0,0,0,0.00,0,0,0,0,0,N/A
2025-10-13 16:33:29,1692,495,2356.72,50,10,2846,2846.72,100,ok,0,0,0,0.00,0,0,0,0,0,N/A
2025-10-13 16:33:33,1696,495,2356.72,50,10,2846,2846.72,100,ok,0,0,0,0.00,0,0,0,0,0,N/A
2025-10-13 16:33:36,1699,503,2356.72,58,10,2846,2846.72,100,ok,0,0,0,0.00,0,0,0,0,0,N/A
2025-10-13 16:33:40,1703,503,2356.72,58,10,2846,2846.72,100,ok,0,0,0,0.00,0,0,0,0,0,N/A
2025-10-13 16:33:44,1707,503,2356.72,58,10,2846,2846.72,100,ok,0,0,0,0.00,0,0,0,0,0,N/A
2025-10-13 16:33:48,1711,516,2356.72,67,10,2846,2846.72,100,ok,0,0,0,0.00,0,0,0,0,0,N/A
2025-10-13 16:33:52,1715,516,2356.72,67,10,2846,2846.72,100,ok,0,0,0,0.00,0,0,0,0,0,N/A
2025-10-13 16:33:55,1718,516,2356.72,67,10,2846,2846.72,100,ok,0,0,0,0.00,0,0,0,0,0,N/A
2025-10-13 16:33:59,1722,521,2356.72,75,10,2846,2846.72,100,ok,0,0,0,0.00,0,0,0,0,0,N/A
2025-10-13 16:34:02,1726,521,2356.72,75,10,2846,2846.72,100,ok,0,0,0,0.00,0,0,0,0,0,N/A
2025-10-13 16:34:06,1729,521,2356.72,75,10,2846,2846.72,100,ok,0,0,0,0.00,0,0,0,0,0,N/A
2025-10-13 16:34:10,1733,516,2356.72,83,10,2846,2846.72,100,ok,0,0,0,0.00,0,0,0,0,0,N/A
2025-10-13 16:34:14,1737,516,2356.72,83,10,2846,2846.72,100,ok,0,0,0,0.00,0,0,0,0,0,N/A
2025-10-13 16:34:19,1742,498,2356.72,88,10,2846,2846.72,100,ok,0,0,0,0.00,0,0,0,0,0,N/A
2025-10-13 16:34:23,1746,498,2356.72,88,10,2846,2846.72,100,ok,0,0,0,0.00,0,0,0,0,0,N/A
2025-10-13 16:34:27,1750,471,2356.72,26,10,2846,2846.72,100,ok,0,0,0,0.00,0,0,0,0,0,N/A
2025-10-13 16:34:32,1755,471,2356.72,26,10,2846,2846.72,100,ok,0,0,0,0.00,0,0,0,0,0,N/A
2025-10-13 16:34:36,1759,471,2439.33,26,10,2846,2846.72,100,ok,0,0,0,0.00,0,0,0,0,0,N/A
2025-10-13 16:34:40,1763,407,2439.33,34,10,2846,2846.72,100,ok,0,0,0,0.00,0,0,0,0,0,N/A
2025-10-13 16:34:44,1767,407,2439.33,34,10,2846,2846.72,100,ok,0,0,0,0.00,0,0,0,0,0,N/A
2025-10-13 16:34:48,1771,407,2439.33,34,10,2846,2846.72,100,ok,0,0,0,0.00,0,0,0,0,0,N/A
2025-10-13 16:34:51,1774,372,2439.33,39,10,2846,2846.72,100,ok,0,0,0,0.00,0,0,0,0,0,N/A
2025-10-13 16:34:55,1778,372,2439.33,39,10,2846,2846.72,100,ok,0,0,0,0.00,0,0,0,0,0,N/A
2025-10-13 16:34:58,1781,372,2439.33,45,10,2846,2846.72,100,ok,0,0,0,0.00,0,0,0,0,0,N/A
2025-10-13 16:35:01,1784,347,2439.33,45,10,2846,2846.72,100,ok,0,0,0,0.00,0,0,0,0,0,N/A
2025-10-13 16:35:05,1788,347,2439.33,45,10,2846,2846.72,100,ok,0,0,0,0.00,0,0,0,0,0,N/A
2025-10-13 16:35:08,1791,347,2439.33,45,10,2846,2846.72,100,ok,0,0,0,0.00,0,0,0,0,0,N/A
2025-10-13 16:35:11,1794,306,2439.33,50,10,2846,2846.72,100,ok,0,0,0,0.00,0,0,0,0,0,N/A
2025-10-13 16:35:15,1798,306,2439.33,50,10,2846,2846.72,100,ok,0,0,0,0.00,0,0,0,0,0,N/A
2025-10-13 16:35:18,1801,306,2439.33,50,10,2846,2846.72,100,ok,0,0,0,0.00,0,0,0,0,0,N/A
2025-10-13 16:35:21,1804,285,2439.33,55,10,2846,2846.72,100,ok,0,0,0,0.00,0,0,0,0,0,N/A
2025-10-13 16:35:25,1808,285,2439.33,55,10,2846,2846.72,100,ok,0,0,0,0.00,0,0,0,0,0,N/A
2025-10-13 16:35:28,1811,285,2439.33,55,10,2846,2846.72,100,ok,0,0,0,0.00,0,0,0,0,0,N/A
2025-10-13 16:35:31,1814,279,2439.33,60,10,2846,2846.72,100,ok,0,0,0,0.00,0,0,0,0,0,N/A
2025-10-13 16:35:34,1817,279,2439.33,60,10,2846,2846.72,100,ok,0,0,0,0.00,0,0,0,0,0,N/A
2025-10-13 16:35:38,1821,279,2439.33,60,10,2846,2846.72,100,ok,0,0,0,0.00,0,0,0,0,0,N/A
2025-10-13 16:35:41,1824,291,2439.33,65,10,2846,2846.72,100,ok,0,0,0,0.00,0,0,0,0,0,N/A
2025-10-13 16:35:44,1827,291,2439.33,65,10,2846,2846.72,100,ok,0,0,0,0.00,0,0,0,0,0,N/A
2025-10-13 16:35:48,1831,291,2439.33,65,10,2846,2846.72,100,ok,0,0,0,0.00,0,0,0,0,0,N/A
2025-10-13 16:35:51,1834,278,2439.33,70,10,2846,2846.72,100,ok,0,0,0,0.00,0,0,0,0,0,N/A
2025-10-13 16:35:55,1838,278,2439.33,70,10,2846,2846.72,100,ok,0,0,0,0.00,0,0,0,0,0,N/A
2025-10-13 16:35:58,1841,278,2439.33,70,10,2846,2846.72,100,ok,0,0,0,0.00,0,0,0,0,0,N/A
2025-10-13 16:36:01,1844,257,2439.33,74,10,2846,2846.72,100,ok,0,0,0,0.00,0,0,0,0,0,N/A
2025-10-13 16:36:04,1847,257,2439.33,74,10,2846,2846.72,100,ok,0,0,0,0.00,0,0,0,0,0,N/A
2025-10-13 16:36:08,1850,257,2439.33,74,10,2846,2846.72,100,ok,0,0,0,0.00,0,0,0,0,0,N/A
2025-10-13 16:36:11,1854,233,2439.33,78,10,2846,2846.72,100,ok,0,0,0,0.00,0,0,0,0,0,N/A
2025-10-13 16:36:14,1857,233,2439.33,78,10,2846,2846.72,100,ok,0,0,0,0.00,0,0,0,0,0,N/A
2025-10-13 16:36:18,1860,233,2439.33,78,10,2846,2846.72,100,ok,0,0,0,0.00,0,0,0,0,0,N/A
2025-10-13 16:36:21,1864,216,2439.33,82,10,2846,2846.72,100,ok,0,0,0,0.00,0,0,0,0,0,N/A
2025-10-13 16:36:24,1868,216,2439.33,82,10,2846,2846.72,100,ok,0,0,0,0.00,0,0,0,0,0,N/A
2025-10-13 16:36:58,1900,99,2439.33,90,10,2846,2846.72,100,ok,0,0,0,0.00,0,0,0,0,0,N/A
2025-10-13 16:37:02,1905,99,2439.33,90,10,2846,2846.72,100,ok,0,0,0,0.00,0,0,0,0,0,N/A
2025-10-13 16:37:06,1909,48,2439.33,93,10,2846,2846.72,100,ok,0,0,0,0.00,0,0,0,0,0,N/A
2025-10-13 16:37:09,1912,48,2439.33,93,10,2846,2846.72,100,ok,0,0,0,0.00,0,0,0,0,0,N/A
2025-10-13 16:37:12,1915,48,2439.33,96,10,2846,2846.72,100,ok,0,0,0,0.00,0,0,0,0,0,N/A
2025-10-13 16:37:16,1919,25,2439.33,96,10,2846,2846.72,100,ok,0,0,0,0.00,0,0,0,0,0,N/A
2025-10-13 16:37:19,1922,25,2439.33,96,10,2846,2846.72,100,ok,0,0,0,0.00,0,0,0,0,0,N/A
2025-10-13 16:37:23,1926,25,2439.33,96,10,2846,2846.72,100,ok,0,0,0,0.00,0,0,0,0,0,N/A
2025-10-13 16:37:26,1929,1,2439.33,98,10,2846,2846.72,100,ok,0,0,0,0.00,0,0,0,0,0,N/A
2025-10-13 16:37:29,1932,1,2439.33,98,10,2846,2846.72,100,ok,0,0,0,0.00,0,0,0,0,0,N/A
2025-10-13 16:37:33,1936,1,2439.33,98,10,2846,2846.72,100,ok,0,0,0,0.00,0,0,0,0,0,N/A
2025-10-13 16:37:36,1939,0,2439.33,21,10,2846,2846.72,100,ok,0,0,0,0.00,0,0,0,0,0,N/A
2025-10-13 16:37:40,1943,0,2439.33,21,10,2846,2846.72,100,ok,0,0,0,0.00,0,0,0,0,0,N/A
2025-10-13 16:37:43,1946,0,2439.33,24,10,2846,2846.72,100,ok,0,0,0,0.00,0,0,0,0,0,N/A
2025-10-13 16:37:46,1949,0,2439.33,24,10,2846,2846.72,100,ok,0,0,0,0.00,0,0,0,0,0,N/A
2025-10-13 16:37:49,1952,0,2439.33,24,10,2846,2846.72,100,ok,0,0,0,0.00,0,0,0,0,0,N/A
2025-10-13 16:37:53,1956,0,2439.33,24,10,2846,2846.72,100,ok,0,0,0,0.00,0,0,0,0,0,N/A
2025-10-13 16:37:56,1959,0,2439.33,26,10,2846,2846.72,100,ok,0,0,0,0.00,0,0,0,0,0,N/A
2025-10-13 16:38:00,1963,0,2439.33,26,10,2846,2846.72,100,ok,0,0,0,0.00,0,0,0,0,0,N/A
2025-10-13 16:38:03,1966,0,2439.33,29,10,2846,2846.72,100,ok,0,0,0,0.00,0,0,0,0,0,N/A
2025-10-13 16:38:06,1969,0,2439.33,29,10,2846,2846.72,100,ok,0,0,0,0.00,0,0,0,0,0,N/A
2025-10-13 16:38:10,1973,0,2439.33,29,10,2846,2846.72,100,ok,0,0,0,0.00,0,0,0,0,0,N/A
2025-10-13 16:38:14,1977,0,2439.33,32,10,2846,2846.72,100,ok,0,0,0,0.00,0,0,0,0,0,N/A
2025-10-13 16:38:17,1980,0,2439.33,32,10,2846,2846.72,100,ok,0,0,0,0.00,0,0,0,0,0,N/A
2025-10-13 16:38:21,1984,0,2439.33,32,10,2846,2846.72,100,ok,0,0,0,0.00,0,0,0,0,0,N/A
2025-10-13 16:38:24,1987,0,2439.33,34,10,2846,2846.72,100,ok,0,0,0,0.00,0,0,0,0,0,N/A
2025-10-13 16:38:28,1990,0,2439.33,34,10,2846,2846.72,100,ok,0,0,0,0.00,0,0,0,0,0,N/A
2025-10-13 16:38:31,1994,0,2439.33,34,10,2846,2846.72,100,ok,0,0,0,0.00,0,0,0,0,0,N/A
2025-10-13 16:38:34,1997,0,2439.33,37,10,2846,2846.72,100,ok,0,0,0,0.00,0,0,0,0,0,N/A
2025-10-13 16:38:38,2001,0,2439.33,37,10,2846,2846.72,100,ok,0,0,0,0.00,0,0,0,0,0,N/A
2025-10-13 16:38:41,2004,0,2439.33,37,10,2846,2846.72,100,ok,0,0,0,0.00,0,0,0,0,0,N/A
2025-10-13 16:38:46,2009,0,2439.33,37,10,2846,2846.72,100,ok,0,0,0,0.00,0,0,0,0,0,N/A
2025-10-13 16:38:49,2012,0,2439.33,40,10,2846,2846.72,100,ok,0,0,0,0.00,0,0,0,0,0,N/A
2025-10-13 16:38:52,2015,0,2439.33,40,10,2846,2846.72,100,ok,0,0,0,0.00,0,0,0,0,0,N/A
2025-10-13 16:38:55,2018,0,2439.33,40,10,2846,2846.72,100,ok,0,0,0,0.00,0,0,0,0,0,N/A
2025-10-13 16:38:59,2022,0,2439.33,42,10,2846,2846.72,100,ok,0,0,0,0.00,0,0,0,0,0,N/A
2025-10-13 16:39:02,2025,0,2439.33,42,10,2846,2846.72,100,ok,0,0,0,0.00,0,0,0,0,0,N/A
2025-10-13 16:39:06,2029,0,2439.33,45,10,2846,2846.72,100,ok,0,0,0,0.00,0,0,0,0,0,N/A
2025-10-13 16:39:09,2032,0,2439.33,45,10,2846,2846.72,100,ok,0,0,0,0.00,0,0,0,0,0,N/A
2025-10-13 16:39:13,2036,0,2439.33,45,10,2846,2846.72,100,ok,0,0,0,0.00,0,0,0,0,0,N/A
2025-10-13 16:39:17,2040,0,2439.33,48,10,2846,2846.72,100,ok,0,0,0,0.00,0,0,0,0,0,N/A
2025-10-13 16:39:20,2043,0,2439.33,48,10,2846,2846.72,100,ok,0,0,0,0.00,0,0,0,0,0,N/A
2025-10-13 16:39:24,2047,0,2439.33,48,10,2846,2846.72,100,ok,0,0,0,0.00,0,0,0,0,0,N/A
2025-10-13 16:39:31,2054,0,2392.64,53,10,2846,2846.72,100,ok,0,0,0,0.00,0,0,0,0,0,N/A
2025-10-13 16:39:35,2058,0,2392.64,53,10,2846,2846.72,100,ok,0,0,0,0.00,0,0,0,0,0,N/A
2025-10-13 16:39:39,2062,0,2392.64,58,10,2846,2846.72,100,ok,0,0,0,0.00,0,0,0,0,0,N/A
2025-10-13 16:39:43,2066,0,2392.64,58,10,2846,2846.72,100,ok,0,0,0,0.00,0,0,0,0,0,N/A
2025-10-13 16:39:46,2069,0,2392.64,58,10,2846,2846.72,100,ok,0,0,0,0.00,0,0,0,0,0,N/A
2025-10-13 16:39:50,2073,0,2392.64,61,10,2846,2846.72,100,ok,0,0,0,0.00,0,0,0,0,0,N/A
2025-10-13 16:39:54,2077,0,2392.64,61,10,2846,2846.72,100,ok,0,0,0,0.00,0,0,0,0,0,N/A
2025-10-13 16:39:58,2081,0,2392.64,61,10,2846,2846.72,100,ok,0,0,0,0.00,0,0,0,0,0,N/A
2025-10-13 16:40:01,2084,0,2392.64,64,10,2846,2846.72,100,ok,0,0,0,0.00,0,0,0,0,0,N/A
2025-10-13 16:40:04,2087,0,2392.64,64,10,2846,2846.72,100,ok,0,0,0,0.00,0,0,0,0,0,N/A
2025-10-13 16:40:08,2091,0,2392.64,64,10,2846,2846.72,100,ok,0,0,0,0.00,0,0,0,0,0,N/A
2025-10-13 16:40:11,2094,0,2392.64,66,10,2846,2846.72,100,ok,0,0,0,0.00,0,0,0,0,0,N/A
2025-10-13 16:40:14,2097,0,2392.64,66,10,2846,2846.72,100,ok,0,0,0,0.00,0,0,0,0,0,N/A
2025-10-13 16:40:18,2101,0,2392.64,66,10,2846,2846.72,100,ok,0,0,0,0.00,0,0,0,0,0,N/A
2025-10-13 16:40:21,2104,0,2392.64,66,10,2846,2846.72,100,ok,0,0,0,0.00,0,0,0,0,0,N/A
2025-10-13 16:40:25,2108,0,2392.64,69,10,2846,2846.72,100,ok,0,0,0,0.00,0,0,0,0,0,N/A
2025-10-13 16:40:30,2113,0,2392.64,69,10,2846,2846.72,100,ok,0,0,0,0.00,0,0,0,0,0,N/A
2025-10-13 16:40:33,2116,0,2392.64,72,10,2846,2846.72,100,ok,0,0,0,0.00,0,0,0,0,0,N/A
2025-10-13 16:40:37,2119,0,2392.64,72,10,2846,2846.72,100,ok,0,0,0,0.00,0,0,0,0,0,N/A
2025-10-13 16:40:40,2123,0,2392.64,72,10,2846,2846.72,100,ok,0,0,0,0.00,0,0,0,0,0,N/A
2025-10-13 16:40:43,2126,0,2392.64,74,10,2846,2846.72,100,ok,0,0,0,0.00,0,0,0,0,0,N/A
2025-10-13 16:40:47,2130,0,2392.64,74,10,2846,2846.72,100,ok,0,0,0,0.00,0,0,0,0,0,N/A
2025-10-13 16:40:50,2133,0,2392.64,74,10,2846,2846.72,100,ok,0,0,0,0.00,0,0,0,0,0,N/A
2025-10-13 16:40:54,2137,0,2392.64,77,10,2846,2846.72,100,ok,0,0,0,0.00,0,0,0,0,0,N/A
2025-10-13 16:40:58,2140,0,2392.64,77,10,2846,2846.72,100,ok,0,0,0,0.00,0,0,0,0,0,N/A
2025-10-13 16:41:01,2144,0,2392.64,77,10,2846,2846.72,100,ok,0,0,0,0.00,0,0,0,0,0,N/A
2025-10-13 16:41:05,2148,0,2392.64,80,10,2846,2846.72,100,ok,0,0,0,0.00,0,0,0,0,0,N/A
2025-10-13 16:41:08,2151,0,2392.64,80,10,2846,2846.72,100,ok,0,0,0,0.00,0,0,0,0,0,N/A
2025-10-13 16:41:12,2155,0,2392.64,80,10,2846,2846.72,100,ok,0,0,0,0.00,0,0,0,0,0,N/A
2025-10-13 16:41:16,2159,0,2392.64,21,10,2846,2846.72,100,ok,0,0,0,0.00,0,0,0,0,0,N/A
2025-10-13 16:41:19,2162,0,2392.64,21,10,2846,2846.72,100,ok,0,0,0,0.00,0,0,0,0,0,N/A
2025-10-13 16:41:22,2165,0,2392.64,21,10,2846,2846.72,100,ok,0,0,0,0.00,0,0,0,0,0,N/A
2025-10-13 16:41:53,2196,0,2392.64,29,10,2846,2846.72,100,ok,0,0,0,0.00,0,0,0,0,0,N/A
2025-10-13 16:41:56,2199,0,2392.64,29,10,2846,2846.72,100,ok,0,0,0,0.00,0,0,0,0,0,N/A
2025-10-13 16:42:00,2203,0,2392.64,32,10,2846,2846.72,100,ok,0,0,0,0.00,0,0,0,0,0,N/A
2025-10-13 16:42:03,2206,0,2392.64,32,10,2846,2846.72,100,ok,0,0,0,0.00,0,0,0,0,0,N/A
2025-10-13 16:42:07,2210,0,2392.64,32,10,2846,2846.72,100,ok,0,0,0,0.00,0,0,0,0,0,N/A
2025-10-13 16:42:10,2213,0,2392.64,32,10,2846,2846.72,100,ok,0,0,0,0.00,0,0,0,0,0,N/A
2025-10-13 16:42:13,2216,0,2392.64,35,10,2846,2846.72,100,ok,0,0,0,0.00,0,0,0,0,0,N/A
2025-10-13 16:42:17,2220,0,2392.64,35,10,2846,2846.72,100,ok,0,0,0,0.00,0,0,0,0,0,N/A
2025-10-13 16:42:21,2223,0,2392.64,37,10,2846,2846.72,100,ok,0,0,0,0.00,0,0,0,0,0,N/A
2025-10-13 16:42:24,2227,0,2392.64,37,10,2846,2846.72,100,ok,0,0,0,0.00,0,0,0,0,0,N/A
2025-10-13 16:42:27,2230,0,2392.64,37,10,2846,2846.72,100,ok,0,0,0,0.00,0,0,0,0,0,N/A
2025-10-13 16:42:31,2234,0,2392.64,40,10,2846,2846.72,100,ok,0,0,0,0.00,0,0,0,0,0,N/A
2025-10-13 16:42:34,2237,0,2392.64,40,10,2846,2846.72,100,ok,0,0,0,0.00,0,0,0,0,0,N/A
2025-10-13 16:42:38,2240,0,2392.64,40,10,2846,2846.72,100,ok,0,0,0,0.00,0,0,0,0,0,N/A
2025-10-13 16:42:41,2244,0,2392.64,43,10,2846,2846.72,100,ok,0,0,0,0.00,0,0,0,0,0,N/A
2025-10-13 16:42:44,2247,0,2392.64,43,10,2846,2846.72,100,ok,0,0,0,0.00,0,0,0,0,0,N/A
2025-10-13 16:42:48,2251,0,2392.64,43,10,2846,2846.72,100,ok,0,0,0,0.00,0,0,0,0,0,N/A
2025-10-13 16:42:51,2254,0,2392.64,43,10,2846,2846.72,100,ok,0,0,0,0.00,0,0,0,0,0,N/A
2025-10-13 16:42:55,2258,0,2392.64,45,10,2846,2846.72,100,ok,0,0,0,0.00,0,0,0,0,0,N/A
2025-10-13 16:42:58,2261,0,2392.64,45,10,2846,2846.72,100,ok,0,0,0,0.00,0,0,0,0,0,N/A
2025-10-13 16:43:01,2264,0,2392.64,45,10,2846,2846.72,100,ok,0,0,0,0.00,0,0,0,0,0,N/A
2025-10-13 16:43:05,2268,0,2392.64,48,10,2846,2846.72,100,ok,0,0,0,0.00,0,0,0,0,0,N/A
2025-10-13 16:43:09,2272,0,2392.64,48,10,2846,2846.72,100,ok,0,0,0,0.00,0,0,0,0,0,N/A
2025-10-13 16:43:12,2275,0,2392.64,50,10,2846,2846.72,100,ok,0,0,0,0.00,0,0,0,0,0,N/A
2025-10-13 16:43:16,2280,0,2392.64,50,10,2846,2846.72,100,ok,0,0,0,0.00,0,0,0,0,0,N/A
2025-10-13 16:43:20,2283,0,2392.64,50,10,2846,2846.72,100,ok,0,0,0,0.00,0,0,0,0,0,N/A
2025-10-13 16:43:23,2286,0,2392.64,53,10,2846,2846.72,100,ok,0,0,0,0.00,0,0,0,0,0,N/A
2025-10-13 16:43:27,2290,0,2392.64,53,10,2846,2846.72,100,ok,0,0,0,0.00,0,0,0,0,0,N/A
2025-10-13 16:43:30,2293,0,2392.64,53,10,2846,2846.72,100,ok,0,0,0,0.00,0,0,0,0,0,N/A
